name: fastapi-data-science
channels:
  - conda-forge
  - defaults
dependencies:
  - brotlipy=0.7.0=py310he2412df_1004
  - bzip2=1.0.8=h8ffe710_4
  - ca-certificates=2021.10.8=h5b45459_0
  - certifi=2021.10.8=py310h5588dad_2
  - cffi=1.15.0=py310hcbf9ad4_0
  - charset-normalizer=2.0.12=pyhd8ed1ab_0
  - colorama=0.4.4=pyh9f0ad1d_0
  - commonmark=0.9.1=py_0
  - cryptography=37.0.1=py310h21b164f_0
  - dataclasses=0.8=pyhc8e2a94_3
  - defusedxml=0.7.1=pyhd8ed1ab_0
  - future=0.18.2=py310h5588dad_5
  - httpie=3.2.1=py310h5588dad_0
  - idna=3.3=pyhd8ed1ab_0
  - libffi=3.4.2=h8ffe710_5
  - libzlib=1.2.11=h8ffe710_1014
  - multidict=6.0.2=py310he2412df_1
  - mypy=0.950=py310he2412df_0
  - mypy_extensions=0.4.3=py310h5588dad_5
  - openssl=3.0.3=h8ffe710_0
  - pip=22.1=pyhd8ed1ab_0
  - psutil=5.9.0=py310he2412df_1
  - pycparser=2.21=pyhd8ed1ab_0
  - pygments=2.12.0=pyhd8ed1ab_0
  - pyopenssl=22.0.0=pyhd8ed1ab_0
  - pysocks=1.7.1=py310h5588dad_5
  - python=3.10.4=hcf16a7b_0_cpython
  - python_abi=3.10=2_cp310
  - requests=2.27.1=pyhd8ed1ab_0
  - requests-toolbelt=0.9.1=py_0
  - rich=12.4.1=pyhd8ed1ab_0
  - setuptools=62.2.0=py310h5588dad_0
  - sqlite=3.38.5=h8ffe710_0
  - tk=8.6.12=h8ffe710_0
  - tomli=2.0.1=pyhd8ed1ab_0
  - typing_extensions=4.2.0=pyha770c72_1
  - tzdata=2022a=h191b570_0
  - ucrt=10.0.20348.0=h57928b3_0
  - urllib3=1.26.9=pyhd8ed1ab_0
  - vc=14.2=hb210afc_6
  - vs2015_runtime=14.29.30037=h902a5da_6
  - wheel=0.37.1=pyhd8ed1ab_0
  - win_inet_pton=1.1.0=py310h5588dad_4
  - xz=5.2.5=h62dcd97_1
  - zipp=3.8.0=pyhd8ed1ab_0
  - pip:
    - anyio==3.6.1
    - asgiref==3.5.1
    - click==8.1.3
    - fastapi==0.77.1
    - h11==0.13.0
    - httptools==0.4.0
    - pydantic==1.9.0
    - python-dotenv==0.20.0
    - pyyaml==6.0
    - sniffio==1.2.0
    - starlette==0.19.1
    - typed-ast==1.5.3
    - uvicorn==0.17.6
    - watchgod==0.8.2
    - websockets==10.3
prefix: F:\opt\anaconda\envs\fastapi-data-science
